GHT: 5129
RIGHT: 5146
RIGHT: 5163
RIGHT: 5179
RIGHT: 5196
RIGHT: 5213
RIGHT: 5229
RIGHT: 5245
LEFT: 29829
LEFT: 29833
LEFT: 29896
LEFT: 30014
LEFT: 30078
LEFT: 30083
LEFT: 30125
LEFT: 33065
RIGHT: 41352
RIGHT: 41368
RIGHT: 41385
RIGHT: 41402
RIGHT: 41418
RIGHT: 41435
RIGHT: 41452
RIGHT: 41468
RIGHT: 41485
RIGHT: 50406
RIGHT: 50422
RIGHT: 50439
RIGHT: 50456
RIGHT: 50472
RIGHT: 50489
RIGHT: 50505
RIGHT: 50523
RIGHT: 50539
RIGHT: 50555
RIGHT: 50572
RIGHT: 50589
RIGHT: 50606
RIGHT: 50622
RIGHT: 50639
RIGHT: 50656
LEFT: 76697
RIGHT: 82624
RIGHT: 82676
RIGHT: 82691
RIGHT: 82707
RIGHT: 82723
RIGHT: 82767
RIGHT: 82776
RIGHT: 82860
RIGHT: 82876
RIGHT: 82892
RIGHT: 82902
RIGHT: 83205
RIGHT: 83247
RIGHT: 83323
RIGHT: 83335
RIGHT: 83362
RIGHT: 83426
RIGHT: 83443
RIGHT: 83459
RIGHT: 83692
RIGHT: 83709
RIGHT: 83809
RIGHT: 83841
RIGHT: 84000
RIGHT: 84158
RIGHT: 84226
RIGHT: 84242
RIGHT: 84258
RIGHT: 84275
RIGHT: 84359
RIGHT: 84375
RIGHT: 84387
RIGHT: 85471
RIGHT: 85517
RIGHT: 86062
RIGHT: 86086
RIGHT: 86200
RIGHT: 88019
RIGHT: 88142
RIGHT: 89168
RIGHT: 89239
RIGHT: 89253
RIGHT: 89822
RIGHT: 89944
RIGHT: 91088
RIGHT: 91198
RIGHT: 92405
RIGHT: 92719
RIGHT: 93272
RIGHT: 94363
RIGHT: 94908
RIGHT: 95013
RIGHT: 96430
RIGHT: 96561
RIGHT: 97477
RIGHT: 98549
RIGHT: 99043
RIGHT: 99278
RIGHT: 99887
RIGHT: 99941
RIGHT: 99982
RIGHT: 100074
RIGHT: 100232
RIGHT: 100729
RIGHT: 103064
RIGHT: 103507
RIGHT: 103525
RIGHT: 103541
RIGHT: 103678
RIGHT: 103724
RIGHT: 104592
RIGHT: 105379
RIGHT: 105512
RIGHT: 106374
RIGHT: 106516
RIGHT: 106638
RIGHT: 108277
RIGHT: 108398
RIGHT: 108555
RIGHT: 108827
RIGHT: 108988
RIGHT: 109116
RIGHT: 109572
RIGHT: 109701
RIGHT: 110483
RIGHT: 110632
RIGHT: 110746
RIGHT: 112205
RIGHT: 112789
RIGHT: 112872
RIGHT: 113352
RIGHT: 115026
RIGHT: 115081
RIGHT: 115115
RIGHT: 116399
RIGHT: 116416
RIGHT: 116432
RIGHT: 116449
RIGHT: 116465
RIGHT: 116482
RIGHT: 116499
RIGHT: 116515
RIGHT: 116532
RIGHT: 116548
RIGHT: 116566
RIGHT: 116582
RIGHT: 116598
RIGHT: 116615
RIGHT: 116632
RIGHT: 116648
RIGHT: 116665
RIGHT: 116681
RIGHT: 116699
RIGHT: 116715
RIGHT: 116731
RIGHT: 116748
RIGHT: 116765
RIGHT: 116782
RIGHT: 116798
RIGHT: 116814
RIGHT: 116832
RIGHT: 116848
RIGHT: 116865
RIGHT: 116881
RIGHT: 116898
RIGHT: 116915
RIGHT: 116931
RIGHT: 116948
RIGHT: 116965
RIGHT: 116981
RIGHT: 116998
RIGHT: 117015
RIGHT: 117031
RIGHT: 117048
RIGHT: 117064
RIGHT: 117082
RIGHT: 117098
RIGHT: 117114
RIGHT: 117131
RIGHT: 117148
RIGHT: 117165
RIGHT: 117181
RIGHT: 117198
RIGHT: 117215
RIGHT: 117231
RIGHT: 117248
RIGHT: 117264
RIGHT: 117281
RIGHT: 117298
RIGHT: 117314
RIGHT: 117331
RIGHT: 117348
RIGHT: 117364
RIGHT: 117381
RIGHT: 117398
RIGHT: 117414
RIGHT: 117431
RIGHT: 117447
RIGHT: 117465
RIGHT: 117481
RIGHT: 117497
RIGHT: 117515
RIGHT: 117531
RIGHT: 117548
RIGHT: 117564
RIGHT: 117581
RIGHT: 117598
RIGHT: 117614
RIGHT: 117630
RIGHT: 117648
RIGHT: 117664
RIGHT: 117681
RIGHT: 117697
RIGHT: 117714
RIGHT: 117731
RIGHT: 117747
RIGHT: 117764
RIGHT: 117781
RIGHT: 117797
RIGHT: 117814
RIGHT: 117831
RIGHT: 117848
RIGHT: 117864
RIGHT: 117880
RIGHT: 117898
RIGHT: 117914
RIGHT: 117931
RIGHT: 117947
RIGHT: 117964
RIGHT: 117981
RIGHT: 117997
RIGHT: 118013
RIGHT: 118031
RIGHT: 118047
RIGHT: 118064
RIGHT: 118081
RIGHT: 118097
RIGHT: 118114
RIGHT: 118130
RIGHT: 118148
RIGHT: 118164
RIGHT: 118180
RIGHT: 118197
RIGHT: 118214
RIGHT: 118231
RIGHT: 118247
RIGHT: 118263
RIGHT: 118281
RIGHT: 118297
RIGHT: 118313
RIGHT: 118330
RIGHT: 118347
RIGHT: 118364
RIGHT: 118380
RIGHT: 118396
RIGHT: 118414
RIGHT: 118430
RIGHT: 118447
RIGHT: 118464
RIGHT: 118480
RIGHT: 118497
RIGHT: 118513
RIGHT: 118531
RIGHT: 118547
RIGHT: 118563
RIGHT: 118581
RIGHT: 118597
RIGHT: 118614
RIGHT: 118630
RIGHT: 118646
RIGHT: 118664
RIGHT: 118680
RIGHT: 118696
RIGHT: 118714
RIGHT: 118730
RIGHT: 118747
RIGHT: 118763
RIGHT: 118780
RIGHT: 118797
RIGHT: 118813
RIGHT: 118830
RIGHT: 118847
RIGHT: 118863
RIGHT: 118880
RIGHT: 118896
RIGHT: 118914
RIGHT: 118930
RIGHT: 118946
RIGHT: 118964
RIGHT: 118980
RIGHT: 118996
RIGHT: 119013
RIGHT: 119029
RIGHT: 119047
RIGHT: 119063
RIGHT: 119079
RIGHT: 119097
RIGHT: 119113
RIGHT: 119130
RIGHT: 119146
RIGHT: 119163
RIGHT: 119180
RIGHT: 119196
RIGHT: 119213
RIGHT: 119230
RIGHT: 119246
RIGHT: 119263
RIGHT: 119279
RIGHT: 119297
RIGHT: 119313
RIGHT: 119329
RIGHT: 119347
RIGHT: 119363
RIGHT: 119379
RIGHT: 119396
RIGHT: 119413
RIGHT: 119430
RIGHT: 119446
RIGHT: 119462
RIGHT: 119480
RIGHT: 119496
RIGHT: 119513
RIGHT: 119529
RIGHT: 119546
RIGHT: 119563
RIGHT: 119579
RIGHT: 119597
RIGHT: 119613
RIGHT: 119629
RIGHT: 119646
RIGHT: 119663
RIGHT: 119680
RIGHT: 119696
RIGHT: 119712
RIGHT: 119730
RIGHT: 119746
RIGHT: 119762
RIGHT: 119779
RIGHT: 119796
RIGHT: 119813
RIGHT: 119829
RIGHT: 119846
RIGHT: 119863
RIGHT: 119879
RIGHT: 119896
RIGHT: 119912
RIGHT: 119929
RIGHT: 119946
RIGHT: 119962
RIGHT: 119979
RIGHT: 119996
RIGHT: 120012
RIGHT: 120029
RIGHT: 120046
RIGHT: 120062
RIGHT: 120079
RIGHT: 120095
RIGHT: 120113
RIGHT: 120129
RIGHT: 120145
RIGHT: 120162
RIGHT: 120179
RIGHT: 120196
RIGHT: 120212
RIGHT: 120228
RIGHT: 120246
RIGHT: 120262
RIGHT: 120279
RIGHT: 120296
RIGHT: 120312
RIGHT: 120329
RIGHT: 120345
RIGHT: 120363
RIGHT: 120379
RIGHT: 120395
RIGHT: 120412
RIGHT: 120429
RIGHT: 120445
RIGHT: 120462
RIGHT: 120478
RIGHT: 120496
RIGHT: 120512
RIGHT: 120528
RIGHT: 120546
RIGHT: 120562
RIGHT: 120579
RIGHT: 120595
RIGHT: 120611
RIGHT: 120629
RIGHT: 120645
RIGHT: 120662
RIGHT: 120679
RIGHT: 120695
RIGHT: 120712
RIGHT: 120728
RIGHT: 120745
RIGHT: 120762
RIGHT: 120778
RIGHT: 120795
RIGHT: 120812
RIGHT: 120828
RIGHT: 120845
RIGHT: 120861
RIGHT: 120879
RIGHT: 120895
RIGHT: 120911
RIGHT: 120928
RIGHT: 120945
RIGHT: 120962
RIGHT: 120978
RIGHT: 120995
RIGHT: 121012
RIGHT: 121196
RIGHT: 121414
RIGHT: 121761
RIGHT: 121778
RIGHT: 121794
RIGHT: 121811
RIGHT: 121828
RIGHT: 121844
RIGHT: 121861
RIGHT: 121878
RIGHT: 121894
RIGHT: 121910
RIGHT: 122077
RIGHT: 122094
RIGHT: 122110
RIGHT: 122127
RIGHT: 122143
RIGHT: 122161
RIGHT: 122177
RIGHT: 122193
RIGHT: 122211
RIGHT: 122227
RIGHT: 122244
RIGHT: 122260
RIGHT: 122276
RIGHT: 122294
RIGHT: 122310
RIGHT: 122327
RIGHT: 122344
RIGHT: 122360
RIGHT: 122377
RIGHT: 122393
RIGHT: 122411
RIGHT: 122427
RIGHT: 122443
RIGHT: 122461
RIGHT: 122477
RIGHT: 122493
RIGHT: 122510
RIGHT: 122526
RIGHT: 122544
RIGHT: 122558
RIGHT: 122943
RIGHT: 122959
RIGHT: 122977
RIGHT: 122993
RIGHT: 123010
RIGHT: 123026
RIGHT: 123043
RIGHT: 123060
RIGHT: 123076
RIGHT: 123092
RIGHT: 123110
RIGHT: 123126
RIGHT: 123143
RIGHT: 123159
RIGHT: 123176
RIGHT: 123193
RIGHT: 123209
RIGHT: 123227
RIGHT: 123243
RIGHT: 123259
RIGHT: 123276
RIGHT: 123293
RIGHT: 123310
RIGHT: 123326
RIGHT: 123342
RIGHT: 123360
RIGHT: 123376
RIGHT: 123393
RIGHT: 123409
RIGHT: 123425
RIGHT: 123443
RIGHT: 123459
RIGHT: 123475
RIGHT: 123493
RIGHT: 123509
RIGHT: 123526
RIGHT: 123542
RIGHT: 123559
RIGHT: 123576
RIGHT: 123592
RIGHT: 123609
RIGHT: 123626
RIGHT: 123642
RIGHT: 123659
RIGHT: 123675
RIGHT: 123693
RIGHT: 123709
RIGHT: 123725
RIGHT: 123743
RIGHT: 123759
RIGHT: 123776
RIGHT: 123792
RIGHT: 123808
RIGHT: 123826
RIGHT: 123842
RIGHT: 123858
RIGHT: 123876
RIGHT: 123892
RIGHT: 123909
RIGHT: 123925
RIGHT: 123942
RIGHT: 123959
RIGHT: 123975
RIGHT: 123992
RIGHT: 124009
RIGHT: 124025
RIGHT: 124042
RIGHT: 124058
RIGHT: 124076
RIGHT: 124092
RIGHT: 124108
RIGHT: 124125
RIGHT: 124142
RIGHT: 124158
RIGHT: 124175
RIGHT: 124191
RIGHT: 124209
RIGHT: 124225
RIGHT: 124241
RIGHT: 124258
RIGHT: 124275
RIGHT: 124292
RIGHT: 124308
RIGHT: 124325
RIGHT: 124342
RIGHT: 124358
RIGHT: 124375
RIGHT: 124392
RIGHT: 124408
RIGHT: 124425
RIGHT: 124441
RIGHT: 124459
RIGHT: 124475
RIGHT: 124491
RIGHT: 124508
RIGHT: 124525
RIGHT: 124541
RIGHT: 124558
RIGHT: 124575
RIGHT: 124592
RIGHT: 124608
RIGHT: 124624
RIGHT: 124641
RIGHT: 124658
RIGHT: 124675
RIGHT: 124691
RIGHT: 124708
RIGHT: 124725
RIGHT: 124741
RIGHT: 124758
RIGHT: 124774
RIGHT: 124791
RIGHT: 124808
RIGHT: 124824
RIGHT: 124841
RIGHT: 124858
RIGHT: 124874
RIGHT: 124891
RIGHT: 124907
RIGHT: 124924
RIGHT: 124941
RIGHT: 124957
RIGHT: 124975
RIGHT: 124991
RIGHT: 125007
RIGHT: 125024
RIGHT: 125041
RIGHT: 125058
RIGHT: 125074
RIGHT: 125091
RIGHT: 125108
RIGHT: 125124
RIGHT: 125140
RIGHT: 125157
RIGHT: 125174
RIGHT: 125191
RIGHT: 125207
RIGHT: 125224
RIGHT: 125241
RIGHT: 125257
RIGHT: 125274
RIGHT: 125291
RIGHT: 125307
RIGHT: 125324
RIGHT: 125340
RIGHT: 125358
RIGHT: 125374
RIGHT: 125390
RIGHT: 125407
RIGHT: 125424
RIGHT: 125441
RIGHT: 125457
RIGHT: 125473
RIGHT: 125491
RIGHT: 125507
RIGHT: 125523
RIGHT: 125540
RIGHT: 125557
RIGHT: 125574
RIGHT: 125590
RIGHT: 125606
RIGHT: 125624
RIGHT: 125640
RIGHT: 125657
RIGHT: 125674
RIGHT: 125690
RIGHT: 125707
RIGHT: 125723
RIGHT: 125740
RIGHT: 125757
RIGHT: 125773
RIGHT: 125790
RIGHT: 125807
RIGHT: 125824
RIGHT: 125840
RIGHT: 125856
RIGHT: 125874
RIGHT: 125890
RIGHT: 125906
RIGHT: 125923
RIGHT: 125940
RIGHT: 125957
RIGHT: 125973
RIGHT: 125989
RIGHT: 126007
RIGHT: 126023
RIGHT: 126040
RIGHT: 126057
RIGHT: 126073
RIGHT: 126090
RIGHT: 126106
RIGHT: 126124
RIGHT: 126140
RIGHT: 126156
RIGHT: 126173
RIGHT: 126190
RIGHT: 126206
RIGHT: 126223
RIGHT: 126239
RIGHT: 126257
RIGHT: 126273
RIGHT: 126289
RIGHT: 126306
RIGHT: 126323
RIGHT: 126340
RIGHT: 126356
RIGHT: 126372
RIGHT: 126390
RIGHT: 126406
RIGHT: 126423
RIGHT: 126439
RIGHT: 126456
RIGHT: 126473
RIGHT: 126489
RIGHT: 126505
RIGHT: 126523
RIGHT: 126539
RIGHT: 126556
RIGHT: 126573
RIGHT: 126589
RIGHT: 126606
RIGHT: 126622
RIGHT: 126639
RIGHT: 126656
RIGHT: 126672
RIGHT: 126689
RIGHT: 126706
RIGHT: 126723
RIGHT: 126739
RIGHT: 126755
RIGHT: 126772
RIGHT: 126789
RIGHT: 126806
RIGHT: 126822
RIGHT: 126839
RIGHT: 126856
RIGHT: 126872
RIGHT: 126888
RIGHT: 126906
RIGHT: 126922
RIGHT: 126939
RIGHT: 126955
RIGHT: 126972
RIGHT: 126989
RIGHT: 127005
RIGHT: 127023
RIGHT: 127039
RIGHT: 127055
RIGHT: 127072
RIGHT: 127088
RIGHT: 127106
RIGHT: 127122
RIGHT: 127138
RIGHT: 127156
RIGHT: 127172
RIGHT: 127188
RIGHT: 127205
RIGHT: 127221
RIGHT: 127239
RIGHT: 127255
RIGHT: 127271
RIGHT: 127289
RIGHT: 127305
RIGHT: 127322
RIGHT: 127338
RIGHT: 127355
RIGHT: 127372
RIGHT: 127388
RIGHT: 127406
RIGHT: 127422
RIGHT: 127438
RIGHT: 127455
RIGHT: 127471
RIGHT: 127489
RIGHT: 127505
RIGHT: 127521
RIGHT: 127539
RIGHT: 127555
RIGHT: 127571
RIGHT: 127588
RIGHT: 127605
RIGHT: 127622
RIGHT: 127638
RIGHT: 127654
RIGHT: 127671
RIGHT: 127688
RIGHT: 127705
RIGHT: 127721
RIGHT: 127738
RIGHT: 127755
RIGHT: 127771
RIGHT: 127788
RIGHT: 127805
RIGHT: 127821
RIGHT: 127838
RIGHT: 127854
RIGHT: 127872
RIGHT: 127888
RIGHT: 127904
RIGHT: 127921
RIGHT: 127938
RIGHT: 127954
RIGHT: 127971
RIGHT: 127987
RIGHT: 128005
RIGHT: 128021
RIGHT: 128037
RIGHT: 128055
RIGHT: 128071
RIGHT: 128088
RIGHT: 128104
RIGHT: 128120
RIGHT: 128138
RIGHT: 128154
RIGHT: 128171
RIGHT: 128188
RIGHT: 128204
RIGHT: 128221
RIGHT: 128237
RIGHT: 128254
RIGHT: 128271
RIGHT: 128287
RIGHT: 128304
RIGHT: 128321
RIGHT: 128337
RIGHT: 128354
RIGHT: 128370
RIGHT: 128388
RIGHT: 128404
RIGHT: 128420
RIGHT: 128437
RIGHT: 128454
RIGHT: 128471
RIGHT: 128487
RIGHT: 128504
RIGHT: 128521
RIGHT: 128537
RIGHT: 128553
RIGHT: 128570
RIGHT: 128587
RIGHT: 128604
RIGHT: 128620
RIGHT: 128637
RIGHT: 128654
RIGHT: 128670
RIGHT: 128687
RIGHT: 128704
RIGHT: 128720
RIGHT: 128737
RIGHT: 128753
RIGHT: 128771
RIGHT: 128787
RIGHT: 128803
RIGHT: 128820
RIGHT: 128837
RIGHT: 128854
RIGHT: 128870
RIGHT: 128886
RIGHT: 128904
RIGHT: 128920
RIGHT: 128936
RIGHT: 128954
RIGHT: 128970
RIGHT: 128987
RIGHT: 129003
RIGHT: 129019
RIGHT: 129037
RIGHT: 129053
RIGHT: 129070
RIGHT: 129087
RIGHT: 129103
RIGHT: 129120
RIGHT: 129136
RIGHT: 129154
RIGHT: 129170
RIGHT: 129186
RIGHT: 129203
RIGHT: 129220
RIGHT: 129236
RIGHT: 129253
RIGHT: 129269
RIGHT: 129287
RIGHT: 129303
RIGHT: 129319
RIGHT: 129336
RIGHT: 129353
RIGHT: 129370
RIGHT: 129386
RIGHT: 129403
RIGHT: 129420
RIGHT: 129436
RIGHT: 129453
RIGHT: 129469
RIGHT: 129486
RIGHT: 129503
RIGHT: 129519
RIGHT: 129536
RIGHT: 129553
RIGHT: 129569
RIGHT: 129586
RIGHT: 129602
RIGHT: 129619
RIGHT: 129636
RIGHT: 129652
RIGHT: 129670
RIGHT: 129686
RIGHT: 129702
RIGHT: 129719
RIGHT: 129735
RIGHT: 129753
RIGHT: 129769
RIGHT: 129785
RIGHT: 129803
RIGHT: 129819
RIGHT: 129836
RIGHT: 129852
RIGHT: 129869
RIGHT: 129886
RIGHT: 129902
RIGHT: 129918
RIGHT: 129936
RIGHT: 129952
RIGHT: 129969
RIGHT: 129985
RIGHT: 130002
RIGHT: 130019
RIGHT: 130035
RIGHT: 130053
RIGHT: 130069
RIGHT: 130085
RIGHT: 130102
RIGHT: 130118
RIGHT: 130136
RIGHT: 130152
RIGHT: 130168
RIGHT: 130186
RIGHT: 130202
RIGHT: 130219
RIGHT: 130235
RIGHT: 130252
RIGHT: 130269
RIGHT: 130285
RIGHT: 130301
RIGHT: 130318
RIGHT: 130335
RIGHT: 130352
RIGHT: 130368
RIGHT: 130385
RIGHT: 130402
RIGHT: 130418
RIGHT: 130435
RIGHT: 130452
RIGHT: 130468
RIGHT: 130485
RIGHT: 130501
RIGHT: 130519
RIGHT: 130535
RIGHT: 130551
RIGHT: 130568
RIGHT: 130585
RIGHT: 130601
RIGHT: 130618
RIGHT: 130635
RIGHT: 130652
RIGHT: 130668
RIGHT: 130684
RIGHT: 130701
RIGHT: 130718
RIGHT: 130735
RIGHT: 130751
RIGHT: 130768
RIGHT: 130785
RIGHT: 130801
RIGHT: 130818
RIGHT: 130835
RIGHT: 130851
RIGHT: 130868
RIGHT: 130884
RIGHT: 130902
RIGHT: 130918
RIGHT: 130934
RIGHT: 130952
RIGHT: 130968
RIGHT: 130984
RIGHT: 131001
RIGHT: 131018
RIGHT: 131035
RIGHT: 131051
RIGHT: 131068
RIGHT: 131101
RIGHT: 131119
RIGHT: 131135
RIGHT: 131351
RIGHT: 131817
RIGHT: 131834
RIGHT: 131851
RIGHT: 131867
RIGHT: 131884
RIGHT: 131901
RIGHT: 131917
RIGHT: 131934
RIGHT: 131950
RIGHT: 131968
RIGHT: 131984
RIGHT: 132000
RIGHT: 132017
RIGHT: 132034
RIGHT: 132050
RIGHT: 132067
RIGHT: 132083
RIGHT: 132101
RIGHT: 132117
RIGHT: 132133
RIGHT: 132167
RIGHT: 132184
RIGHT: 132200
RIGHT: 132216
RIGHT: 132234
RIGHT: 132250
RIGHT: 132267
RIGHT: 132283
RIGHT: 132300
RIGHT: 132317
RIGHT: 132333
RIGHT: 132349
RIGHT: 132367
RIGHT: 132383
RIGHT: 132400
RIGHT: 132416
RIGHT: 132433
RIGHT: 132450
RIGHT: 132466
RIGHT: 132483
RIGHT: 132500
RIGHT: 132516
RIGHT: 132533
RIGHT: 132549
RIGHT: 132567
RIGHT: 132583
RIGHT: 132599
RIGHT: 132616
RIGHT: 132633
RIGHT: 132649
RIGHT: 132666
RIGHT: 132683
RIGHT: 132700
RIGHT: 132716
RIGHT: 132732
RIGHT: 132749
RIGHT: 132766
RIGHT: 132783
RIGHT: 132799
RIGHT: 132816
RIGHT: 132833
RIGHT: 132849
RIGHT: 132866
RIGHT: 132883
RIGHT: 132899
RIGHT: 132916
RIGHT: 132932
RIGHT: 132950
RIGHT: 132966
RIGHT: 132982
RIGHT: 132999
RIGHT: 133016
RIGHT: 133032
RIGHT: 133049
RIGHT: 133066
RIGHT: 133083
RIGHT: 133099
RIGHT: 133115
RIGHT: 133133
RIGHT: 133149
RIGHT: 133166
RIGHT: 133182
RIGHT: 133199
RIGHT: 133216
RIGHT: 133232
RIGHT: 133249
RIGHT: 133266
RIGHT: 133282
RIGHT: 133299
RIGHT: 133315
RIGHT: 133331
RIGHT: 133349
RIGHT: 133365
RIGHT: 133382
RIGHT: 133399
RIGHT: 133415
RIGHT: 133432
RIGHT: 133448
RIGHT: 133466
RIGHT: 133482
RIGHT: 133498
RIGHT: 133516
RIGHT: 133532
RIGHT: 133549
RIGHT: 133565
RIGHT: 133581
RIGHT: 133599
RIGHT: 133615
RIGHT: 133632
RIGHT: 133649
RIGHT: 133665
RIGHT: 133682
RIGHT: 134148
RIGHT: 134181
RIGHT: 134198
RIGHT: 134214
RIGHT: 134232
RIGHT: 134248
RIGHT: 134264
RIGHT: 134281
RIGHT: 134297
RIGHT: 134315
RIGHT: 134331
RIGHT: 134347
RIGHT: 134365
RIGHT: 134381
RIGHT: 134397
RIGHT: 134414
RIGHT: 134431
RIGHT: 134448
RIGHT: 134464
RIGHT: 134480
RIGHT: 134497
RIGHT: 134514
RIGHT: 134531
RIGHT: 134547
RIGHT: 134564
RIGHT: 134581
RIGHT: 134597
RIGHT: 134614
RIGHT: 134631
RIGHT: 134647
RIGHT: 134664
RIGHT: 134680
RIGHT: 134697
RIGHT: 134714
RIGHT: 134730
RIGHT: 134747
RIGHT: 134764
RIGHT: 134780
RIGHT: 134797
RIGHT: 134814
RIGHT: 134831
RIGHT: 134847
RIGHT: 134863
RIGHT: 134881
RIGHT: 134897
RIGHT: 134914
RIGHT: 134930
RIGHT: 134946
RIGHT: 134964
RIGHT: 134980
RIGHT: 134996
RIGHT: 135013
RIGHT: 135030
RIGHT: 135047
RIGHT: 135063
RIGHT: 135079
RIGHT: 135097
RIGHT: 135113
RIGHT: 135130
RIGHT: 135146
RIGHT: 135163
RIGHT: 135180
RIGHT: 135196
RIGHT: 135214
RIGHT: 135230
RIGHT: 135246
RIGHT: 135263
RIGHT: 135280
RIGHT: 135297
RIGHT: 135313
RIGHT: 135329
RIGHT: 135347
RIGHT: 135363
RIGHT: 135379
RIGHT: 135396
RIGHT: 135413
RIGHT: 135430
RIGHT: 135446
RIGHT: 135463
RIGHT: 135480
RIGHT: 135496
RIGHT: 135513
RIGHT: 135529
RIGHT: 135546
RIGHT: 135563
RIGHT: 135579
RIGHT: 135597
RIGHT: 135613
RIGHT: 135629
RIGHT: 135646
RIGHT: 135663
RIGHT: 135680
RIGHT: 135696
RIGHT: 135712
RIGHT: 135729
RIGHT: 135746
RIGHT: 135762
RIGHT: 135779
RIGHT: 135796
RIGHT: 135813
RIGHT: 135829
RIGHT: 135845
RIGHT: 135863
RIGHT: 135879
RIGHT: 135896
RIGHT: 135912
RIGHT: 135929
RIGHT: 135946
RIGHT: 135962
RIGHT: 135979
RIGHT: 135996
RIGHT: 136012
RIGHT: 136029
RIGHT: 136045
RIGHT: 136062
RIGHT: 136079
RIGHT: 136095
RIGHT: 136112
RIGHT: 136129
RIGHT: 136145
RIGHT: 136162
RIGHT: 136178
RIGHT: 136196
RIGHT: 136212
RIGHT: 136228
RIGHT: 136246
RIGHT: 136262
RIGHT: 136279
RIGHT: 136295
RIGHT: 136312
RIGHT: 136329
RIGHT: 136345
RIGHT: 136361
RIGHT: 136379
RIGHT: 136395
RIGHT: 136412
RIGHT: 136428
RIGHT: 136444
RIGHT: 136462
RIGHT: 136478
RIGHT: 136495
RIGHT: 136512
RIGHT: 136528
RIGHT: 136545
RIGHT: 136561
RIGHT: 136579
RIGHT: 136595
RIGHT: 136611
RIGHT: 136628
RIGHT: 136645
RIGHT: 136662
RIGHT: 136678
RIGHT: 136694
RIGHT: 136712
RIGHT: 136728
RIGHT: 136744
RIGHT: 136762
RIGHT: 136778
RIGHT: 136795
RIGHT: 136811
RIGHT: 136827
RIGHT: 136845
RIGHT: 136861
RIGHT: 136878
RIGHT: 136895
RIGHT: 136911
RIGHT: 136928
RIGHT: 136944
RIGHT: 136962
RIGHT: 136978
RIGHT: 136994
RIGHT: 137011
RIGHT: 137028
RIGHT: 137044
RIGHT: 137061
RIGHT: 137077
RIGHT: 137095
RIGHT: 137111
RIGHT: 137127
RIGHT: 137144
RIGHT: 137161
RIGHT: 137178
RIGHT: 137194
RIGHT: 137210
RIGHT: 137228
RIGHT: 137244
RIGHT: 137261
RIGHT: 137278
RIGHT: 137294
RIGHT: 137311
RIGHT: 137327
RIGHT: 137345
RIGHT: 137361
RIGHT: 137377
RIGHT: 137394
RIGHT: 137411
RIGHT: 137427
RIGHT: 137444
RIGHT: 137460
RIGHT: 137478
RIGHT: 137494
RIGHT: 137510
RIGHT: 137528
RIGHT: 137544
RIGHT: 137561
RIGHT: 137577
RIGHT: 137594
RIGHT: 137611
RIGHT: 137627
RIGHT: 137644
RIGHT: 137659
RIGHT: 137694
RIGHT: 137710
RIGHT: 137728
RIGHT: 137744
RIGHT: 137760
RIGHT: 137777
RIGHT: 137784
RIGHT: 137789
RIGHT: 137827
RIGHT: 137843
RIGHT: 137860
RIGHT: 137877
RIGHT: 137893
RIGHT: 137911
RIGHT: 137927
RIGHT: 137944
RIGHT: 137960
RIGHT: 137977
RIGHT: 137994
RIGHT: 138010
RIGHT: 138027
RIGHT: 138044
RIGHT: 138060
RIGHT: 138077
RIGHT: 138093
RIGHT: 138110
RIGHT: 138127
RIGHT: 138143
RIGHT: 138160
RIGHT: 138177
RIGHT: 138188
RIGHT: 138276
RIGHT: 138292
RIGHT: 138327
RIGHT: 138343
RIGHT: 138359
RIGHT: 138376
RIGHT: 138393
RIGHT: 138409
RIGHT: 138427
RIGHT: 138443
RIGHT: 138460
RIGHT: 138476
RIGHT: 138493
RIGHT: 138510
RIGHT: 138526
RIGHT: 138544
RIGHT: 138560
RIGHT: 138576
RIGHT: 138593
RIGHT: 138609
RIGHT: 138627
RIGHT: 138659
RIGHT: 138676
RIGHT: 138792
RIGHT: 138809
RIGHT: 138825
RIGHT: 138843
RIGHT: 139941
RIGHT: 139958
RIGHT: 139975
RIGHT: 139992
RIGHT: 140008
RIGHT: 140024
RIGHT: 140041
RIGHT: 140058
RIGHT: 140075
RIGHT: 140890
RIGHT: 140907
RIGHT: 140923
RIGHT: 140940
RIGHT: 140956
RIGHT: 140974
RIGHT: 140990
RIGHT: 141006
RIGHT: 141023
RIGHT: 141040
RIGHT: 141057
RIGHT: 141073
RIGHT: 141089
RIGHT: 141107
RIGHT: 141123
RIGHT: 141139
RIGHT: 141156
RIGHT: 141172
RIGHT: 141190
RIGHT: 141206
RIGHT: 141222
RIGHT: 141240
RIGHT: 141256
RIGHT: 141273
RIGHT: 141289
RIGHT: 141306
RIGHT: 141323
RIGHT: 141339
RIGHT: 141357
RIGHT: 141373
RIGHT: 141389
RIGHT: 141406
RIGHT: 141422
RIGHT: 141440
RIGHT: 141456
RIGHT: 141472
RIGHT: 141490
RIGHT: 141506
RIGHT: 141522
RIGHT: 141539
RIGHT: 141555
RIGHT: 141573
RIGHT: 141589
RIGHT: 141605
RIGHT: 141622
RIGHT: 141639
RIGHT: 141656
RIGHT: 141672
RIGHT: 141689
RIGHT: 141706
RIGHT: 141722
RIGHT: 141739
RIGHT: 141755
RIGHT: 141772
RIGHT: 141789
RIGHT: 141805
RIGHT: 141822
RIGHT: 141839
RIGHT: 141855
RIGHT: 141872
RIGHT: 141889
RIGHT: 141905
RIGHT: 141922
RIGHT: 141938
RIGHT: 141956
RIGHT: 141972
RIGHT: 141988
RIGHT: 142005
RIGHT: 142022
RIGHT: 142039
RIGHT: 142055
RIGHT: 142071
RIGHT: 142089
RIGHT: 142105
RIGHT: 142121
RIGHT: 142138
RIGHT: 142155
RIGHT: 142172
RIGHT: 142188
RIGHT: 142204
RIGHT: 142222
RIGHT: 142238
RIGHT: 142255
RIGHT: 142271
RIGHT: 142288
RIGHT: 142305
RIGHT: 142321
RIGHT: 142338
RIGHT: 142355
RIGHT: 142371
RIGHT: 142388
RIGHT: 142404
RIGHT: 142422
RIGHT: 142438
RIGHT: 142454
RIGHT: 142472
RIGHT: 142488
RIGHT: 142504
RIGHT: 142521
RIGHT: 142538
RIGHT: 142555
RIGHT: 142571
RIGHT: 142587
RIGHT: 142604
RIGHT: 142621
RIGHT: 142638
RIGHT: 142654
RIGHT: 142671
RIGHT: 142688
RIGHT: 142704
RIGHT: 142721
RIGHT: 142738
RIGHT: 142754
RIGHT: 142771
RIGHT: 142787
RIGHT: 142804
RIGHT: 142821
RIGHT: 142837
RIGHT: 142854
RIGHT: 142871
RIGHT: 142887
RIGHT: 142904
RIGHT: 142920
RIGHT: 142938
RIGHT: 142954
RIGHT: 142970
RIGHT: 142987
RIGHT: 143004
RIGHT: 143021
RIGHT: 143037
RIGHT: 143053
RIGHT: 143071
RIGHT: 143087
RIGHT: 143104
RIGHT: 143121
RIGHT: 143137
RIGHT: 143154
RIGHT: 143170
RIGHT: 143186
RIGHT: 143204
RIGHT: 143220
RIGHT: 143237
RIGHT: 143254
RIGHT: 143270
RIGHT: 143287
RIGHT: 143303
RIGHT: 143321
RIGHT: 143337
RIGHT: 143353
RIGHT: 143370
RIGHT: 143386
RIGHT: 143404
RIGHT: 143420
RIGHT: 143436
RIGHT: 143454
RIGHT: 143470
RIGHT: 143486
RIGHT: 143503
RIGHT: 143519
RIGHT: 143537
RIGHT: 143553
RIGHT: 143569
RIGHT: 143587
RIGHT: 143603
RIGHT: 143620
RIGHT: 143636
RIGHT: 143653
RIGHT: 143670
RIGHT: 143686
RIGHT: 143703
RIGHT: 143720
RIGHT: 143736
RIGHT: 143753
RIGHT: 143769
RIGHT: 143787
RIGHT: 143803
RIGHT: 143819
RIGHT: 143836
RIGHT: 143853
RIGHT: 143869
RIGHT: 143886
RIGHT: 143903
RIGHT: 143920
RIGHT: 143936
RIGHT: 143952
RIGHT: 143969
RIGHT: 143986
RIGHT: 144003
RIGHT: 144019
RIGHT: 144036
RIGHT: 144053
RIGHT: 144069
RIGHT: 144086
RIGHT: 144102
RIGHT: 144119
RIGHT: 144136
RIGHT: 144152
RIGHT: 144169
RIGHT: 144186
RIGHT: 144202
RIGHT: 144219
RIGHT: 144236
RIGHT: 144252
RIGHT: 144269
RIGHT: 144286
RIGHT: 144303
RIGHT: 144319
RIGHT: 144335
RIGHT: 144352
RIGHT: 144369
RIGHT: 144386
RIGHT: 144402
RIGHT: 144418
RIGHT: 144436
RIGHT: 144452
RIGHT: 144468
RIGHT: 144486
RIGHT: 144502
RIGHT: 144519
RIGHT: 144535
RIGHT: 144551
RIGHT: 144569
RIGHT: 144585
RIGHT: 144602
RIGHT: 144619
RIGHT: 144635
RIGHT: 144652
RIGHT: 144668
RIGHT: 144686
RIGHT: 144702
RIGHT: 144718
RIGHT: 144735
RIGHT: 144752
RIGHT: 144769
RIGHT: 144785
RIGHT: 144801
RIGHT: 144819
RIGHT: 144835
RIGHT: 144851
RIGHT: 144868
RIGHT: 144885
RIGHT: 144902
RIGHT: 144918
RIGHT: 144952
RIGHT: 144968
RIGHT: 144985
RIGHT: 145001
RIGHT: 145018
RIGHT: 145035
RIGHT: 145051
RIGHT: 145068
RIGHT: 145085
RIGHT: 145101
RIGHT: 145118
RIGHT: 145134
RIGHT: 145152
RIGHT: 145168
RIGHT: 145184
RIGHT: 145201
RIGHT: 145218
RIGHT: 145234
RIGHT: 145251
